08822660, 354.63, 341.39
07883880, 440.69, 280.00
07981671, 485.86, 302.19
08367068, 419.73, 232.15
08450087, 392.50, 229.80
08460678, 459.97, 271.90
07648824, 472.71, 296.32
07674823, 454.89, 240.50
07700765, 448.48, 336.58
08158355, 489.30, 480.27
08404652, 408.20, 311.66
07956036, 377.60, 379.11
07846694, 358.80, 356.25
08012684, 443.38, 271.97
07662563, 414.44, 259.70
07829671, 497.66, 327.85
07655755, 373.47, 329.97
08093042, 448.79, 441.30
08093042, 395.54, 288.48
08512993, 353.76, 182.02
08512993, 260.60, 354.33
08512994, 487.27, 291.41
08512994, 461.39, 287.42
08529884, 408.54, 340.20
08669060, 381.28, 300.29
08313900, 363.32, 368.50
08080376, 392.82, 241.48
08298551, 314.07, 240.75
08821895, 333.71, 301.44
07756643, 417.84, 365.99
08008005, 506.92, 308.04
07824630, 359.76, 222.99
08323890, 391.66, 306.34
07851153, 317.40, 285.10
07960115, 357.44, 305.28
07919280, 408.03, 268.40
07662549, 286.19, 312.38
07939274, 382.62, 291.25
08206899, 441.40, 238.22
08383788, 570.00, 270.75
07700754, 459.99, 315.92
07850956, 309.74, 191.42
07888038, 428.51, 327.66
07700568, 335.92, 334.86
07838512, 405.23, 352.05
08071295, 320.84, 323.93
07713698, 441.00, 226.81
07790869, 371.91, 303.35
08088575, 440.07, 330.88
08043807, 379.94, 221.96
08207142, 328.59, 257.86
07888071, 391.80, 281.24
07704492, 477.00, 310.40
07790395, 337.91, 311.59
07935487, 413.21, 276.84
07972812, 368.52, 247.10
07910710, 369.58, 345.96
08048428, 449.49, 349.01
08241637, 625.26, 271.48
07947312, 393.66, 325.87
07955626, 463.08, 302.19
07955626, 527.17, 514.55
08372448, 450.69, 313.88
08372448, 463.28, 307.96
08372449, 388.64, 321.73
08372449, 430.81, 359.73
08673870, 425.75, 272.37
07662794, 362.50, 335.05
08440401, 401.78, 305.33
08647820, 440.42, 251.95
07790861, 444.23, 263.70
08086410, 416.80, 243.28
07652042, 374.07, 235.67
07652042, 377.37, 320.39
07947703, 458.85, 333.35
08440807, 420.65, 345.64
07655788, 398.74, 362.66
07968341, 416.02, 269.48
08524899, 425.61, 299.06
07718403, 462.72, 133.33
08404681, 404.14, 295.49
07718364, 386.09, 262.31
07838506, 459.26, 358.80
08716254, 416.17, 308.99
08150626, 380.23, 279.60
07972816, 524.67, 408.87
08278414, 457.27, 200.42
08580929, 434.84, 274.84
08053421, 424.64, 317.01
08133699, 363.24, 297.90
07795016, 295.93, 219.48
08298821, 310.80, 253.81
08389494, 429.55, 243.89
07910296, 417.35, 323.61
08361719, 394.28, 264.26
08551969, 340.87, 268.45
08753830, 426.65, 280.60
07691631, 360.16, 326.81
08071579, 481.36, 344.68
07816132, 491.43, 257.51
07842673, 333.36, 348.20
07754435, 466.48, 251.18
08105780, 348.75, 236.06
07723026, 435.31, 300.93
07723026, 395.51, 313.55
08735090, 450.84, 163.16
08759479, 503.82, 286.47
08785176, 505.95, 352.36
08916698, 480.93, 266.16
08927243, 155.27, 332.01
08962243, 427.80, 337.30
08927208, 434.96, 260.07
07745473, 475.99, 320.39
08143241, 321.80, 270.62
07879861, 402.76, 375.60
08841428, 382.21, 310.88
07943377, 424.27, 379.13
07700282, 386.47, 356.08
08753810, 499.01, 271.09
08642265, 395.96, 345.29
08445268, 373.89, 340.47
08679745, 350.25, 311.91
08962246, 361.31, 315.96
08703414, 370.00, 257.33
07696203, 471.77, 273.16
08137906, 347.17, 297.50
07728128, 390.05, 337.26
08841093, 469.97, 283.19
08883987, 467.56, 324.72
08487076, 421.54, 354.33
07910564, 344.76, 358.98
08435761, 355.64, 284.00
08129107, 451.54, 287.92
08586302, 479.80, 285.46
07851157, 400.32, 332.48
08114847, 392.76, 298.68
08981078, 371.70, 284.90
07741113, 370.50, 311.14
07803541, 365.39, 265.58
08426578, 355.31, 253.78
08486662, 405.61, 232.06
08912129, 414.89, 300.20
07851154, 435.16, 268.32
08013188, 488.37, 278.83
08013188, 452.41, 324.50
08501996, 423.04, 292.24
08501996, 453.15, 279.05
08076082, 424.92, 253.56
08076082, 368.39, 275.74
08150627, 348.02, 321.94
08436160, 335.24, 322.39
07833713, 478.48, 244.90
07906288, 340.39, 287.94
07709456, 384.83, 329.45
08324181, 472.89, 83.63
08716462, 476.14, 233.31
07881873, 404.19, 243.49
08865686, 353.91, 266.80
08313903, 331.94, 234.93
07981670, 406.51, 285.19
07670774, 355.56, 275.74
08222383, 406.36, 324.74
08101342, 365.49, 291.17
07943341, 400.07, 278.77
08148360, 306.91, 334.87
07833741, 411.69, 331.58
07670768, 390.12, 274.32
07935530, 415.94, 388.76
08017749, 436.41, 321.91
08586313, 275.91, 270.02
08222297, 433.79, 289.25
08597492, 377.04, 363.83
08357376, 426.75, 264.61
07825096, 430.85, 309.16
08053231, 403.90, 317.31
08445537, 452.25, 248.71
08188055, 301.69, 293.91
08299237, 403.22, 261.64
07897381, 377.62, 269.26
07887801, 397.31, 251.71
08530637, 410.89, 253.34
08609333, 384.51, 345.86
08609333, 440.86, 309.58
07790746, 428.80, 224.84
08257916, 441.95, 366.68
08927508, 566.20, 447.27
08530445, 341.13, 129.60
08975239, 505.04, 408.46
08513181, 295.87, 263.02
08715960, 417.79, 284.78
08021851, 411.68, 291.58
08906623, 383.32, 247.07
08288094, 379.86, 256.25
07939546, 467.74, 338.85
08901337, 444.22, 294.77
08119347, 272.55, 319.90
08232054, 436.34, 346.74
08440811, 451.81, 303.52
08512995, 459.43, 261.48
08729012, 400.30, 272.21
