08030836, 401.81, 236.52
08216289, 424.50, 294.60
08758418, 524.13, 434.71
07919076, 417.29, 343.82
08552159, 609.40, 358.93
07919085, 470.70, 257.22
08268308, 444.06, 277.12
08518655, 401.58, 359.00
08642580, 360.03, 347.68
07754215, 492.29, 342.30
08460932, 367.46, 338.65
07928078, 434.50, 303.25
07695715, 476.72, 301.97
07741274, 406.27, 370.62
07858659, 452.28, 368.22
07838510, 182.18, 229.04
07740835, 369.57, 314.35
07732422, 425.67, 305.24
08173615, 428.99, 267.90
08536149, 476.75, 349.78
07943587, 366.31, 359.71
07744900, 422.85, 375.43
07888089, 382.75, 283.27
07993834, 424.19, 346.04
08592152, 435.02, 340.41
07820170, 412.26, 334.76
08088383, 448.42, 348.07
07960138, 410.51, 361.29
08486656, 441.21, 367.09
07801988, 386.31, 315.83
08601116, 391.33, 280.98
08765729, 373.18, 304.28
08470326, 534.38, 201.60
08137663, 368.84, 414.83
07658923, 491.14, 316.78
08580857, 355.13, 425.30
07989427, 378.28, 376.30
08415318, 429.49, 493.34
08916378, 424.10, 355.58
08178504, 384.69, 353.85
07739130, 355.22, 180.53
07834141, 466.71, 303.32
07776828, 403.25, 351.42
07642050, 351.87, 355.27
08168159, 280.47, 116.90
07657301, 413.91, 292.91
07657302, 389.44, 298.64
07657303, 345.11, 310.76
07713514, 439.85, 313.27
08246930, 423.35, 315.48
08257683, 428.45, 243.34
08303932, 443.00, 307.48
08303933, 487.09, 330.52
07700073, 347.63, 334.36
07879319, 329.00, 375.82
08586022, 361.39, 382.54
07833698, 453.23, 228.63
07807147, 345.12, 348.41
08323906, 419.90, 384.73
08043807, 412.32, 378.66
07809428, 381.87, 308.24
08058282, 430.25, 322.03
07846737, 454.26, 343.88
08062892, 434.53, 332.21
08048869, 384.66, 327.01
08920776, 448.94, 379.19
07871775, 419.95, 334.99
08080368, 466.28, 391.50
07914478, 453.26, 325.98
07939635, 419.25, 361.56
08093013, 425.77, 335.03
07745450, 377.89, 332.50
08940695, 428.51, 369.26
07855271, 443.94, 337.50
08182823, 417.70, 303.88
07700717, 265.99, 375.59
08114966, 452.97, 389.58
08673870, 414.59, 312.82
08673888, 435.81, 321.75
07803546, 398.26, 367.28
08796317, 457.74, 261.44
08835167, 421.73, 326.40
08476254, 414.95, 352.60
07829091, 503.04, 349.48
07858329, 404.25, 335.03
08883760, 448.51, 318.08
08067227, 396.62, 445.95
07723035, 415.67, 368.71
08557515, 403.57, 381.33
07939646, 453.93, 335.48
07928074, 366.53, 392.48
08071294, 326.26, 439.01
07763722, 389.89, 395.53
07727968, 339.54, 261.80
08642010, 443.38, 287.98
07816518, 423.01, 395.56
07708994, 464.02, 358.84
07976838, 389.47, 382.86
07659301, 627.36, 381.51
08207212, 455.10, 306.62
07939076, 425.81, 407.65
08828393, 339.97, 336.88
07892833, 377.92, 341.33
08273377, 367.16, 294.70
08101372, 351.11, 323.69
07834163, 511.58, 253.58
08024048, 392.12, 309.03
08024048, 301.14, 418.72
07851168, 390.83, 361.29
07709617, 479.36, 270.77
08346482, 360.22, 332.51
08364411, 394.35, 332.45
08364413, 362.46, 308.19
08370068, 399.68, 326.04
08370071, 412.82, 323.47
08370072, 364.36, 282.97
08370073, 594.47, 366.72
08370078, 377.98, 319.43
08374796, 406.40, 326.41
08423298, 375.84, 353.95
07662398, 428.44, 257.95
07754221, 447.42, 297.54
08021662, 432.86, 352.29
08221769, 431.07, 287.51
08323959, 364.12, 372.06
08784836, 382.62, 272.07
08029984, 371.97, 429.28
08076077, 461.17, 349.27
08399622, 441.89, 350.65
08440410, 432.24, 387.21
07704973, 441.00, 455.23
08633170, 397.10, 342.54
08791252, 415.30, 200.60
07746978, 438.85, 261.11
07949096, 400.47, 284.21
08184773, 396.33, 256.56
08269195, 392.01, 289.44
08569720, 409.57, 274.49
08750453, 403.64, 278.20
08981324, 408.97, 283.49
08642045, 396.61, 429.92
07910093, 370.95, 326.00
07875424, 439.17, 382.09
07708682, 396.21, 273.63
07799518, 372.98, 367.66
07831289, 405.90, 290.66
08524651, 410.57, 345.99
08921056, 389.39, 371.09
08951745, 354.18, 445.55
08007782, 430.77, 312.13
08613917, 403.14, 309.31
08101199, 407.30, 316.69
08541014, 420.17, 273.84
07781486, 432.54, 277.89
07718614, 392.36, 324.11
08500713, 467.33, 436.21
07902361, 493.26, 220.78
07659068, 388.96, 345.99
08173177, 371.31, 347.17
08211095, 542.45, 345.56
08851080, 514.01, 286.96
08258108, 413.90, 419.44
08283459, 435.58, 373.52
08071364, 409.46, 261.91
08236294, 442.73, 329.66
07662378, 429.28, 361.48
07803372, 393.92, 352.98
07919090, 436.72, 294.56
08062636, 386.08, 337.99
08216572, 414.58, 224.43
08535676, 397.09, 376.41
08778342, 404.06, 343.69
08349845, 462.56, 372.39
08299285, 407.46, 393.59
07972780, 467.23, 333.32
07678572, 420.50, 285.10
08071374, 379.04, 388.43
07754871, 301.83, 354.60
08592404, 455.75, 280.55
08207121, 352.95, 300.82
08207121, 374.08, 286.08
07731936, 399.71, 301.52
07959900, 478.53, 317.04
08710020, 380.85, 364.84
07785801, 272.74, 302.44
08097468, 463.04, 324.50
08097468, 391.69, 412.31
08563323, 459.00, 295.93
08563323, 430.97, 344.91
08333964, 447.18, 358.95
07833258, 462.89, 313.87
08043218, 501.62, 370.38
08975375, 436.89, 360.27
08244330, 380.94, 295.62
08340742, 351.95, 285.36
08153620, 398.36, 315.73
08247399, 394.56, 265.26
08609843, 408.67, 302.89
07659521, 398.63, 292.70
08160314, 361.85, 320.16
